0,1,2,3,4,5,6,7,8,801,9,10,11,12,13,331,14,15,16,17,271,18,19,20,21,22,23,24,25,252,26,27,28,29,30,31,32,33,34,341,342,35,36,361,37,38,381,39,40,41,42,43,431,44,45,46,47,471,48,481,483,485,486,49,491,492,493,494,50,501,51,511,52,53,531,54,55,56,57,58,59,61,62,63,64,65,66,67,68,69,691,70,71,72,73,74,75,76,77,78,79,80,81,82,83,84,841,85,86,87,88,89,90,91,92,93,94,95,96,97,971,98,99,100,101,102,103,203,104,105,205,106,107,108,208,109,110,210,111,112,113,114,115,215,116,117,118,119,120,121,122,123,223,323,423,124,125,126,127,227,128,129,130,131,231,132,232,133,134,135,136,137,138,139,140,141,142,143,144,145,146,147,148,149,150,151,152,153,154,155,255,355,455,156,256,157,257,158,159,259,160,161,162,163,164,165,465,166,167,567,168,169,170,171,172,173
1,0,16.1,120.6,214.9,364.6,361.1,616.3,951.3,909.5,675.2,756.3,1025.9,1034,1176.9,1323.4,1357,1138.9,1120.2,1139.7,1110.4,1087,1111.8,1381.5,1402.9,1488.2,1598.6,1649.8,1670.9,1639.2,1598.9,1146.7,1163.3,1236.1,1350.8,1771.1,1800,2022.8,2080.5,2078.1,2369.2,2456.2,2427.3,2743.2,2958.1,3002.2,2842.4,2895.5,2922.2,3118.3,3265.4,2898.6,3995.2,3106.3,3234.5,3247.5,4397.2,4470.4,4519.9,4482.8,4473,4530.6,4490.3,4481.7,4618.4,4757.3,4952.3,5113.4,5338,5467.2,5473,5711.1,5695.6,4466.4,4830.6,5789.4,5793.1,12429.5,3833.5,4268.1,4255.8,4559.6,4862.7,4865.9,5997.2,6148,7718.9,5997.2,7953.9,8447.1,8504.4,9189.1,9252.2,8743.4,8609.2,8302.8,8976,9275.7,9005.5,8998.8,9272.8,9345.4,9355.6,9550.3,9674.6,9750.9,10082.8,10953.7,7847.6,7978.5,8552,9357.7,9380.1,9352.7,8029,8553.2,10836.9,11605.6,11472.7,11359.8,11320.3,11293,11291.5,10886.9,10606.1,10668.1,6291.7,6789.5,6596.2,6576.5,6530.6,6421.8,6355.4,6205,6164.6,6083.1,7215,7280.3,7769.3,7826.7,7910.2,7933.8,8065.3,9430.7,9849,10011.6,10539.7,8036.1,8082.7,8151.6,8270,8538.6,8710,8651.2,8738.5,8693.5,8905.3,9054.9,9189.4,9295.3,8504.5,9208.6,8844.6,9170.1,9221.2,8867.6,9020.9,9260.8,9296.8,9338,9419.7,9504.2,9583.6,9842.6,11121.5,11125.8,10981.1,11111.3,11033.8,10083.8,10135.1,10287.8,10704.3,11001,11139.8,11194.9,11205.9,11415.7,11461.4,12002.8,12058.8,12204.1,12265.1,12337.5,12280.2,11634.4,11336.9,11068.6,11045.8,10962.9,10935,10186.6,9964,8380.9,7968.4,7700.6,6957.1,6958.2,6646.8,6184.2,3948.3,4362.2,4950.6,4498.7,4824.5,4895.6
2,16.1,0,107.1,201.4,351.1,347.6,602.8,937.8,896,661.7,742.8,1012.4,1020.5,1163.4,1309.9,1343.5,1125.4,1106.7,1126.2,1096.9,1073.5,1098.3,1368,1389.4,1474.7,1585.1,1636.3,1657.4,1625.7,1585.4,1133.2,1149.8,1222.6,1337.3,1757.6,1786.5,2009.3,2067,2064.6,2355.7,2442.7,2413.8,2729.7,2944.6,2988.7,2828.9,2882,2908.7,3104.8,3251.9,2885.1,3981.7,3092.8,3221,3234,4383.7,4456.9,4506.4,4469.3,4459.5,4517.1,4476.8,4468.2,4604.9,4743.8,4938.8,5099.9,5324.5,5453.7,5459.5,5697.6,5682.1,4452.9,4817.1,5775.9,5779.6,12416,3820,4254.6,4242.3,4546.1,4849.2,4852.4,5983.7,6134.5,7705.4,5983.7,7940.4,8433.6,8490.9,9175.6,9238.7,8729.9,8595.7,8289.3,8962.5,9262.2,8992,8985.3,9259.3,9331.9,9342.1,9536.8,9661.1,9737.4,10069.3,10940.2,7834.1,7965,8538.5,9344.2,9366.6,9339.2,8015.5,8539.7,10823.4,11592.1,11459.2,11346.3,11306.8,11279.5,11278,10873.4,10592.6,10654.6,6278.2,6776,6582.7,6563,6517.1,6408.3,6341.9,6191.5,6151.1,6069.6,7201.5,7266.8,7755.8,7813.2,7896.7,7920.3,8051.8,9417.2,9835.5,9998.1,10526.2,8022.6,8069.2,8138.1,8256.5,8525.1,8696.5,8637.7,8725,8680,8891.8,9041.4,9175.9,9281.8,8491,9195.1,8831.1,9156.6,9207.7,8854.1,9007.4,9247.3,9283.3,9324.5,9406.2,9490.7,9570.1,9829.1,11108,11112.3,10967.6,11097.8,11020.3,10070.3,10121.6,10274.3,10690.8,10987.5,11126.3,11181.4,11192.4,11402.2,11447.9,11989.3,12045.3,12190.6,12251.6,12324,12266.7,11620.9,11323.4,11055.1,11032.3,10949.4,10921.5,10173.1,9950.5,8367.4,7954.9,7687.1,6943.6,6944.7,6633.3,6170.7,3934.8,4348.7,4937.1,4485.2,4811,4882.1
3,120.6,107.1,0,124.8,283,279.5,534.7,982.9,941.1,593.6,674.7,944.3,952.4,1095.3,1241.8,1275.4,1057.3,1038.6,1058.1,1028.8,1005.4,1030.2,1299.9,1321.3,1406.6,1517,1568.2,1589.3,1557.6,1517.3,1065.1,1081.7,1154.5,1269.2,1692.7,1725.1,1976.4,1998.9,1996.5,2287.6,2374.6,2345.7,2664.8,2879.7,2923.8,2764,2817.1,2843.8,3039.9,3187,2820.2,3916.8,3031.4,3156.1,3169.1,4318.8,4392,4441.5,4404.4,4394.6,4452.2,4411.9,4403.3,4540,4678.9,4873.9,5035,5259.6,5388.8,5394.6,5632.7,5617.2,4388,4752.2,5711,5714.7,12351.1,3865.1,4299.7,4287.4,4591.2,4894.3,4897.5,6028.8,6179.6,7750.5,6028.8,7985.5,8478.7,8536,9220.7,9283.8,8775,8640.8,8334.4,9007.6,9307.3,9037.1,9030.4,9304.4,9377,9387.2,9581.9,9706.2,9782.5,10114.4,10985.3,7879.2,8010.1,8583.6,9389.3,9411.7,9384.3,8060.6,8584.8,10868.5,11527.2,11504.3,11391.4,11351.9,11324.6,11323.1,10918.5,10637.7,10699.7,6213.3,6711.1,6517.8,6498.1,6452.2,6343.4,6277,6126.6,6086.2,6004.7,7136.6,7201.9,7690.9,7748.3,7831.8,7855.4,7986.9,9352.3,9770.6,9933.2,10461.3,7957.7,8004.3,8073.2,8191.6,8460.2,8631.6,8572.8,8660.1,8615.1,8826.9,8976.5,9111,9216.9,8426.1,9130.2,8766.2,9091.7,9142.8,8789.2,8942.5,9182.4,9218.4,9259.6,9341.3,9425.8,9505.2,9764.2,11043.1,11047.4,10902.7,11032.9,10955.4,10005.4,10056.7,10209.4,10625.9,10922.6,11061.4,11116.5,11127.5,11337.3,11383,11924.4,11980.4,12125.7,12186.7,12259.1,12201.8,11556,11258.5,10990.2,10967.4,10884.5,10856.6,10108.2,9885.6,8302.5,7890,7622.2,6878.7,6879.8,6568.4,6105.8,3958.2,4372.1,4960.5,4434.4,4856.1,4927.2
4,214.9,201.4,124.8,0,242.2,238.7,493.9,1026.6,984.8,552.8,633.9,903.5,911.6,1054.5,1201,1234.6,1016.5,997.8,1017.3,988,964.6,989.4,1259.1,1280.5,1365.8,1476.2,1527.4,1548.5,1516.8,1476.5,1024.3,1040.9,1113.7,1228.4,1654.8,1684.3,1945.6,1958.1,1955.7,2246.8,2333.8,2304.9,2626.9,2841.8,2885.9,2726.1,2779.2,2805.9,3002,3149.1,2782.3,3878.9,2990.6,3118.2,3131.2,4280.9,4354.1,4403.6,4366.5,4356.7,4414.3,4374,4365.4,4502.1,4641,4836,4997.1,5221.7,5350.9,5356.7,5594.8,5579.3,4350.1,4714.3,5673.1,5676.8,12313.2,3959.4,4394,4381.7,4685.5,4988.6,4991.8,6123.1,6273.9,7844.8,6123.1,8079.8,8573,8630.3,9315,9378.1,8869.3,8735.1,8428.7,9101.9,9401.6,9131.4,9124.7,9398.7,9471.3,9481.5,9676.2,9800.5,9876.8,10208.7,11079.6,7973.5,8104.4,8677.9,9483.6,9506,9478.6,8154.9,8679.1,10962.8,11489.3,11538.2,11425.3,11385.8,11358.5,11357,10952.4,10671.6,10733.6,6175.4,6673.2,6479.9,6460.2,6414.3,6305.5,6239.1,6088.7,6048.3,5966.8,7098.7,7164,7653,7710.4,7793.9,7817.5,7949,9314.4,9732.7,9895.3,10423.4,7919.8,7966.4,8035.3,8153.7,8422.3,8593.7,8534.9,8622.2,8577.2,8789,8938.6,9073.1,9179,8388.2,9092.3,8728.3,9053.8,9104.9,8751.3,8904.6,9144.5,9180.5,9221.7,9303.4,9387.9,9467.3,9726.3,11005.2,11009.5,10864.8,10995,10917.5,9967.5,10018.8,10171.5,10588,10884.7,11023.5,11078.6,11089.6,11299.4,11345.1,11886.5,11942.5,12087.8,12148.8,12221.2,12163.9,11518.1,11220.6,10952.3,10929.5,10846.6,10818.7,10070.3,9847.7,8264.6,7852.1,7584.3,6840.8,6841.9,6530.5,6067.9,3983.7,4397.6,4986,4393.6,4890,4961.1
5,364.6,351.1,283,242.2,0,9.1,307.1,839.8,798,366,447.1,716.7,724.8,867.7,1014.2,1047.8,829.7,811,830.5,801.2,777.8,802.6,1072.3,1164.1,1259.3,1380.4,1431.6,1452.7,1421,1380.7,928.5,945.1,1017.9,1132.6,1571.4,1624.4,1912.4,1862.3,1859.9,2151,2238,2209.1,2531.3,2746.2,2790.3,2630.5,2694.7,2721.4,2917.5,3064.6,2697.8,3794.4,2930.7,3028.7,3046.7,4196.4,4269.6,4319.1,4282,4272.2,4329.8,4289.5,4280.9,4417.6,4556.5,4751.5,4912.6,5137.2,5266.4,5272.2,5510.3,5494.8,4265.6,4629.8,5588.6,5592.3,12228.7,4109.1,4543.7,4531.4,4835.2,5138.3,5141.5,6272.8,6423.6,7994.5,6272.8,8229.5,8722.7,8780,9464.7,9527.8,9019,8884.8,8578.4,9251.6,9551.3,9281.1,9274.4,9548.4,9621,9631.2,9825.9,9950.2,10026.5,10358.4,11229.3,8123.2,8254.1,8827.6,9633.3,9655.7,9628.3,8304.6,8828.8,11112.5,11399.8,11523.9,11442.7,11403.2,11375.9,11374.4,10969.8,10689,10751,6090.9,6588.7,6395.4,6375.7,6329.8,6221,6154.6,6004.2,5963.8,5882.3,7014.2,7079.5,7568.5,7625.9,7709.4,7733,7864.5,9229.9,9648.2,9810.8,10338.9,7835.3,7881.9,7950.8,8069.2,8337.8,8509.2,8450.4,8537.7,8492.7,8704.5,8854.1,8988.6,9094.5,8303.7,9007.8,8643.8,8969.3,9020.4,8666.8,8820.1,9060,9096,9137.2,9218.9,9303.4,9382.8,9641.8,10920.7,10925,10780.3,10910.5,10833,9883,9934.3,10087,10503.5,10800.2,10939,10994.1,11005.1,11214.9,11260.6,11802,11858,12003.3,12064.3,12136.7,12079.4,11433.6,11136.1,10862.8,10840,10757.1,10729.2,9980.8,9758.2,8175.1,7762.6,7494.8,6756.3,6757.4,6446,5978.4,4001.1,4415,5003.4,4333.7,4907.4,4978.5
6,361.1,347.6,279.5,238.7,9.1,0,299.3,832,790.2,358.2,439.3,708.9,717,859.9,1006.4,1040,821.9,803.2,822.7,793.4,770,794.8,1064.5,1156.3,1251.5,1376.9,1428.1,1449.2,1417.5,1377.2,925,941.6,1014.4,1129.1,1567.9,1620.9,1908.9,1858.8,1856.4,2147.5,2234.5,2205.6,2527.8,2742.7,2786.8,2627,2691.2,2717.9,2914,3061.1,2694.3,3790.9,2927.2,3025.2,3043.2,4192.9,4266.1,4315.6,4278.5,4268.7,4326.3,4286,4277.4,4414.1,4553,4748,4909.1,5133.7,5262.9,5268.7,5506.8,5491.3,4262.1,4626.3,5585.1,5588.8,12225.2,4105.6,4540.2,4527.9,4831.7,5134.8,5138,6269.3,6420.1,7991,6269.3,8226,8719.2,8776.5,9461.2,9524.3,9015.5,8881.3,8574.9,9248.1,9547.8,9277.6,9270.9,9544.9,9617.5,9627.7,9822.4,9946.7,10023,10354.9,11225.8,8119.7,8250.6,8824.1,9629.8,9652.2,9624.8,8301.1,8825.3,11109,11396.3,11520.4,11439.2,11399.7,11372.4,11370.9,10966.3,10685.5,10747.5,6087.4,6585.2,6391.9,6372.2,6326.3,6217.5,6151.1,6000.7,5960.3,5878.8,7010.7,7076,7565,7622.4,7705.9,7729.5,7861,9226.4,9644.7,9807.3,10335.4,7831.8,7878.4,7947.3,8065.7,8334.3,8505.7,8446.9,8534.2,8489.2,8701,8850.6,8985.1,9091,8300.2,9004.3,8640.3,8965.8,9016.9,8663.3,8816.6,9056.5,9092.5,9133.7,9215.4,9299.9,9379.3,9638.3,10917.2,10921.5,10776.8,10907,10829.5,9879.5,9930.8,10083.5,10500,10796.7,10935.5,10990.6,11001.6,11211.4,11257.1,11798.5,11854.5,11999.8,12060.8,12133.2,12075.9,11430.1,11132.6,10859.3,10836.5,10753.6,10725.7,9977.3,9754.7,8171.6,7759.1,7491.3,6752.8,6753.9,6442.5,5974.9,3997.6,4411.5,4999.9,4330.2,4903.9,4975
7,616.3,602.8,534.7,493.9,307.1,299.3,0,617.3,583.5,112.8,196.6,480.6,488.7,631.6,778.1,811.7,593.6,577.1,596.6,517.2,493.8,518.6,857.8,880.1,975.3,1138.3,1189.5,1210.6,1178.9,1138.6,790.4,779.2,787.5,901.6,1394.6,1528.2,1820.2,1620.2,1617.8,1898.9,1985.9,1957,2279.2,2494.1,2538.2,2378.4,2479,2505.7,2701.8,2848.9,2482.1,3578.7,2828.1,2822,2831,3980.7,4053.9,4103.4,4066.3,4056.5,4114.1,4073.8,4065.2,4201.9,4340.8,4535.8,4696.9,4921.5,5050.7,5056.5,5294.6,5279.1,4049.9,4414.1,5372.9,5376.6,12013,4229.6,4656.9,4644.6,5086,5292.7,5295.9,6456.3,6607.1,8178,6456.3,8413,8906.2,8963.5,9648.2,9711.3,9202.5,9068.3,8761.9,9435.1,9734.8,9464.6,9457.9,9731.9,9804.5,9814.7,10009.4,10133.7,10210,10541.9,11412.8,8306.7,8437.6,9011.1,9885,9907.4,9880,8488.1,9012.3,11296,11193.1,11317.2,11465.9,11489.7,11503.1,11501.6,11097,10816.2,10878.2,5875.2,6373,6179.7,6160,6114.1,6005.3,5938.9,5788.5,5748.1,5666.6,6798.5,6863.8,7352.8,7410.2,7493.7,7517.3,7648.8,9014.2,9432.5,9595.1,10123.2,7619.6,7666.2,7735.1,7853.5,8122.1,8293.5,8234.7,8322,8277,8488.8,8638.4,8772.9,8878.8,8088,8792.1,8428.1,8753.6,8804.7,8451.1,8604.4,8844.3,8880.3,8921.5,9003.2,9087.7,9167.1,9426.1,10705,10709.3,10564.6,10694.8,10617.3,9667.3,9718.6,9871.3,10287.8,10584.5,10723.3,10778.4,10789.4,10999.2,11044.9,11586.3,11642.3,11787.6,11848.6,11921,11863.7,11217.9,10920.4,10656.1,10633.3,10550.4,10522.5,9774.1,9551.5,7968.4,7555.9,7288.1,6540.6,6541.7,6230.3,5771.7,4128.3,4542.2,5130.6,4237.5,5034.6,5105.7
8,951.3,937.8,982.9,1026.6,839.8,832,617.3,0,61.5,508.7,597.7,881.7,889.8,1032.7,1179.2,1212.8,994.7,996.9,1016.4,1006.2,982.8,1018.7,1266.4,1392.8,1488,1651,1702.2,1723.3,1691.6,1651.3,1216.6,1233.2,1300.2,1414.3,1917.9,2077,2369,2132.9,2130.5,2411.6,2498.6,2469.7,2791.9,3006.8,3050.9,2891.1,2991.7,3018.4,3214.5,3361.6,2994.8,4091.4,3351.4,3336.9,3343.7,4493.4,4566.6,4616.1,4579,4569.2,4626.8,4586.5,4577.9,4714.6,4853.5,5048.5,5209.6,5434.2,5563.4,5569.2,5807.3,5791.8,4562.6,4926.8,5885.6,5889.3,12525.7,3849.5,4263,4250.7,4788.4,4934.6,4937.8,6104,6254.8,7825.7,6104,8060.7,8553.9,8611.2,9295.9,9359,8850.2,8716,8409.6,9082.8,9382.5,9112.3,9105.6,9379.6,9452.2,9462.4,9657.1,9781.4,9857.7,10189.6,11060.5,7954.4,8085.3,8658.8,9680,9702.4,9675,8135.8,8660,10943.7,11708,11832.1,11980.8,12004.6,12012.5,12011,11606.4,11325.6,11387.6,6387.9,6885.7,6692.4,6672.7,6626.8,6518,6451.6,6301.2,6260.8,6179.3,7311.2,7376.5,7865.5,7922.9,8006.4,8030,8161.5,9526.9,9945.2,10107.8,10635.9,8132.3,8178.9,8247.8,8366.2,8634.8,8806.2,8747.4,8834.7,8789.7,9001.5,9151.1,9285.6,9391.5,8600.7,9304.8,8940.8,9266.3,9317.4,8963.8,9117.1,9357,9393,9434.2,9515.9,9600.4,9679.8,9938.8,11217.7,11222,11077.3,11207.5,11130,10180,10231.3,10384,10800.5,11097.2,11236,11291.1,11302.1,11511.9,11557.6,12099,12155,12300.3,12361.3,12433.7,12376.4,11730.6,11433.1,11171,11148.2,11065.3,11037.4,10289,10066.4,8483.3,8070.8,7803,7053.3,7054.4,6743,6286.6,4661,5074.9,5663.3,4768.6,5544,5615.1
801,909.5,896,941.1,984.8,798,790.2,583.5,61.5,0,503.8,592.8,876.8,884.9,1027.8,1174.3,1207.9,989.8,992,1011.5,1001.3,977.9,1013.8,1261.5,1387.9,1483.1,1646.1,1697.3,1718.4,1686.7,1646.4,1211.7,1228.3,1295.3,1409.4,1913,2072.1,2364.1,2128,2125.6,2406.7,2493.7,2464.8,2787,3001.9,3046,2886.2,2986.8,3013.5,3209.6,3356.7,2989.9,4086.5,3346.5,3332,3338.8,4488.5,4561.7,4611.2,4574.1,4564.3,4621.9,4581.6,4573,4709.7,4848.6,5043.6,5204.7,5429.3,5558.5,5564.3,5802.4,5786.9,4557.7,4921.9,5880.7,5884.4,12520.8,3807.7,4221.2,4208.9,4746.6,4892.8,4896,6062.2,6213,7783.9,6062.2,8018.9,8512.1,8569.4,9254.1,9317.2,8808.4,8674.2,8367.8,9041,9340.7,9070.5,9063.8,9337.8,9410.4,9420.6,9615.3,9739.6,9815.9,10147.8,11018.7,7912.6,8043.5,8617,9638.2,9660.6,9633.2,8094,8618.2,10901.9,11703.1,11827.2,11975.9,11998,11970.7,11969.2,11564.6,11283.8,11345.8,6383,6880.8,6687.5,6667.8,6621.9,6513.1,6446.7,6296.3,6255.9,6174.4,7306.3,7371.6,7860.6,7918,8001.5,8025.1,8156.6,9522,9940.3,10102.9,10631,8127.4,8174,8242.9,8361.3,8629.9,8801.3,8742.5,8829.8,8784.8,8996.6,9146.2,9280.7,9386.6,8595.8,9299.9,8935.9,9261.4,9312.5,8958.9,9112.2,9352.1,9388.1,9429.3,9511,9595.5,9674.9,9933.9,11212.8,11217.1,11072.4,11202.6,11125.1,10175.1,10226.4,10379.1,10795.6,11092.3,11231.1,11286.2,11297.2,11507,11552.7,12094.1,12150.1,12295.4,12356.4,12428.8,12371.5,11725.7,11428.2,11166.1,11143.3,11060.4,11032.5,10284.1,10061.5,8478.4,8065.9,7798.1,7048.4,7049.5,6738.1,6281.7,4619.2,5033.1,5621.5,4763.7,5502.2,5573.3
9,675.2,661.7,593.6,552.8,366,358.2,112.8,508.7,503.8,0,93.2,377.2,385.3,528.2,674.7,708.3,490.2,492.4,511.9,501.7,478.3,514.2,761.9,888.3,983.5,1146.5,1197.7,1218.8,1187.1,1146.8,712.1,728.7,795.7,909.8,1413.4,1572.5,1864.5,1628.4,1626,1907.1,1994.1,1965.2,2287.4,2502.3,2546.4,2386.6,2487.2,2513.9,2710,2857.1,2490.3,3586.9,2846.9,2832.4,2839.2,3988.9,4062.1,4111.6,4074.5,4064.7,4122.3,4082,4073.4,4210.1,4349,4544,4705.1,4929.7,5058.9,5064.7,5302.8,5287.3,4058.1,4422.3,5381.1,5384.8,12021.2,4186,4613.3,4601,5042.4,5249.1,5252.3,6412.7,6563.5,8134.4,6412.7,8369.4,8862.6,8919.9,9604.6,9667.7,9158.9,9024.7,8718.3,9391.5,9691.2,9421,9414.3,9688.3,9760.9,9771.1,9965.8,10090.1,10166.4,10498.3,11369.2,8263.1,8394,8967.5,9934,9956.4,9929,8444.5,8968.7,11252.4,11203.5,11327.6,11476.3,11500.1,11542.8,11541.3,11153.2,10872.4,10934.4,5883.4,6381.2,6187.9,6168.2,6122.3,6013.5,5947.1,5796.7,5756.3,5674.8,6806.7,6872,7361,7418.4,7501.9,7525.5,7657,9022.4,9440.7,9603.3,10131.4,7627.8,7674.4,7743.3,7861.7,8130.3,8301.7,8242.9,8330.2,8285.2,8497,8646.6,8781.1,8887,8096.2,8800.3,8436.3,8761.8,8812.9,8459.3,8612.6,8852.5,8888.5,8929.7,9011.4,9095.9,9175.3,9434.3,10713.2,10717.5,10572.8,10703,10625.5,9675.5,9726.8,9879.5,10296,10592.7,10731.5,10786.6,10797.6,11007.4,11053.1,11594.5,11650.5,11795.8,11856.8,11929.2,11871.9,11226.1,10928.6,10666.5,10643.7,10560.8,10532.9,9784.5,9561.9,7978.8,7566.3,7298.5,6548.8,6549.9,6238.5,5782.1,4184.5,4598.4,5186.8,4264.1,5090.8,5161.9
10,756.3,742.8,674.7,633.9,447.1,439.3,196.6,597.7,592.8,93.2,0,335.2,343.3,486.2,632.7,666.3,448.2,450.4,469.9,473.6,450.2,486.1,733.8,860.2,955.4,1118.4,1169.6,1190.7,1159,1118.7,684,700.6,767.6,881.7,1385.3,1656.3,1948.3,1600.3,1597.9,1879,1966,1937.1,2259.3,2474.2,2518.3,2358.5,2459.1,2485.8,2681.9,2829,2462.2,3558.8,2818.8,2804.3,2811.1,3960.8,4034,4083.5,4046.4,4036.6,4094.2,4053.9,4045.3,4182,4320.9,4515.9,4677,4901.6,5030.8,5036.6,5274.7,5259.2,4030,4394.2,5353,5356.7,11993.1,4275,4702.3,4690,5131.4,5338.1,5341.3,6501.7,6652.5,8223.4,6501.7,8458.4,8951.6,9008.9,9693.6,9756.7,9247.9,9113.7,8807.3,9480.5,9780.2,9510,9503.3,9777.3,9849.9,9860.1,10054.8,10179.1,10255.4,10587.3,11458.2,8352.1,8483,9056.5,10023,10045.4,10018,8533.5,9057.7,11341.4,11175.4,11299.5,11448.2,11472,11514.7,11513.2,11237,10956.2,11018.2,5855.3,6353.1,6159.8,6140.1,6094.2,5985.4,5919,5768.6,5728.2,5646.7,6778.6,6843.9,7332.9,7390.3,7473.8,7497.4,7628.9,8994.3,9412.6,9575.2,10103.3,7599.7,7646.3,7715.2,7833.6,8102.2,8273.6,8214.8,8302.1,8257.1,8468.9,8618.5,8753,8858.9,8068.1,8772.2,8408.2,8733.7,8784.8,8431.2,8584.5,8824.4,8860.4,8901.6,8983.3,9067.8,9147.2,9406.2,10685.1,10689.4,10544.7,10674.9,10597.4,9647.4,9698.7,9851.4,10267.9,10564.6,10703.4,10758.5,10769.5,10979.3,11025,11566.4,11622.4,11767.7,11828.7,11901.1,11843.8,11198,10900.5,10638.4,10615.6,10532.7,10504.8,9756.4,9533.8,7950.7,7538.2,7270.4,6520.7,6521.8,6210.4,5754,4268.3,4682.2,5270.6,4236,5174.6,5245.7
11,1025.9,1012.4,944.3,903.5,716.7,708.9,480.6,881.7,876.8,377.2,335.2,0,39.9,271.3,434.2,478.1,265.2,324.1,407.4,508.7,485.3,521.2,961.6,978.6,1073.8,1236.8,1288,1309.1,1277.4,1237.1,905.6,877.7,886,1000.1,1483.7,1764.1,2092.1,1718.7,1716.3,1997.4,2084.4,2055.5,2377.7,2592.6,2636.7,2476.9,2577.1,2603.8,2799.9,2947,2580.2,3676.8,2917.2,2911.1,2929.1,4078.8,4152,4201.5,4164.4,4154.6,4212.2,4171.9,4163.3,4300,4438.9,4633.9,4795,5019.6,5148.8,5154.6,5392.7,5377.2,4148,4512.2,5471,5474.7,12111.1,4559,4986.3,4974,5415.4,5622.1,5625.3,6785.7,6936.5,8507.4,6785.7,8742.4,9235.6,9292.9,9977.6,10040.7,9531.9,9397.7,9091.3,9764.5,10064.2,9794,9787.3,10061.3,10133.9,10144.1,10338.8,10463.1,10539.4,10871.3,11742.2,8636.1,8767,9340.5,10294.6,10317,10289.6,8817.5,9341.7,11625.4,11282.2,11406.3,11555,11578.8,11621.5,11620,11506.6,11225.8,11287.8,5973.3,6471.1,6277.8,6258.1,6212.2,6103.4,6037,5886.6,5846.2,5764.7,6896.6,6961.9,7450.9,7508.3,7591.8,7615.4,7746.9,9112.3,9530.6,9693.2,10221.3,7717.7,7764.3,7833.2,7951.6,8220.2,8391.6,8332.8,8420.1,8375.1,8586.9,8736.5,8871,8976.9,8186.1,8890.2,8526.2,8851.7,8902.8,8549.2,8702.5,8942.4,8978.4,9019.6,9101.3,9185.8,9265.2,9524.2,10803.1,10807.4,10662.7,10792.9,10715.4,9765.4,9816.7,9969.4,10385.9,10682.6,10821.4,10876.5,10887.5,11097.3,11143,11684.4,11740.4,11885.7,11946.7,12019.1,11961.8,11316,11018.5,10745.2,10722.4,10639.5,10611.6,9863.2,9640.6,8057.5,7645,7377.2,6638.7,6639.8,6328.4,5860.8,4537.9,4951.8,5540.2,4334.4,5444.2,5515.3
12,1034,1020.5,952.4,911.6,724.8,717,488.7,889.8,884.9,385.3,343.3,39.9,0,251.8,414.7,458.6,247.8,332.2,415.5,516.8,493.4,529.3,969.7,986.7,1081.9,1244.9,1296.1,1317.2,1285.5,1245.2,913.7,885.8,894.1,1008.2,1491.8,1772.2,2100.2,1726.8,1724.4,2005.5,2092.5,2063.6,2385.8,2600.7,2644.8,2485,2585.2,2611.9,2808,2955.1,2588.3,3684.9,2925.3,2919.2,2937.2,4086.9,4160.1,4209.6,4172.5,4162.7,4220.3,4180,4171.4,4308.1,4447,4642,4803.1,5027.7,5156.9,5162.7,5400.8,5385.3,4156.1,4520.3,5479.1,5482.8,12119.2,4567.1,4994.4,4982.1,5423.5,5630.2,5633.4,6793.8,6944.6,8515.5,6793.8,8750.5,9243.7,9301,9985.7,10048.8,9540,9405.8,9099.4,9772.6,10072.3,9802.1,9795.4,10069.4,10142,10152.2,10346.9,10471.2,10547.5,10879.4,11750.3,8644.2,8775.1,9348.6,10302.7,10325.1,10297.7,8825.6,9349.8,11633.5,11290.3,11414.4,11563.1,11586.9,11629.6,11628.1,11514.7,11233.9,11295.9,5981.4,6479.2,6285.9,6266.2,6220.3,6111.5,6045.1,5894.7,5854.3,5772.8,6904.7,6970,7459,7516.4,7599.9,7623.5,7755,9120.4,9538.7,9701.3,10229.4,7725.8,7772.4,7841.3,7959.7,8228.3,8399.7,8340.9,8428.2,8383.2,8595,8744.6,8879.1,8985,8194.2,8898.3,8534.3,8859.8,8910.9,8557.3,8710.6,8950.5,8986.5,9027.7,9109.4,9193.9,9273.3,9532.3,10811.2,10815.5,10670.8,10801,10723.5,9773.5,9824.8,9977.5,10394,10690.7,10829.5,10884.6,10895.6,11105.4,11151.1,11692.5,11748.5,11893.8,11954.8,12027.2,11969.9,11324.1,11026.6,10753.3,10730.5,10647.6,10619.7,9871.3,9648.7,8065.6,7653.1,7385.3,6646.8,6647.9,6336.5,5868.9,4546,4959.9,5548.3,4342.5,5452.3,5523.4
13,1176.9,1163.4,1095.3,1054.5,867.7,859.9,631.6,1032.7,1027.8,528.2,486.2,271.3,251.8,0,180.7,224.6,112.3,265.3,348.6,556.6,533.2,569.1,992.4,1009.4,1104.6,1267.6,1318.8,1339.9,1308.2,1267.9,936.4,908.5,916.8,1030.9,1572.5,1852.9,2180.9,1749.5,1747.1,2028.2,2115.2,2086.3,2408.5,2623.4,2667.5,2507.7,2608.3,2635,2831.1,2978.2,2611.4,3708,3006,2953.5,2960.3,4110,4183.2,4232.7,4195.6,4185.8,4243.4,4203.1,4194.5,4331.2,4470.1,4665.1,4826.2,5050.8,5180,5185.8,5423.9,5408.4,4179.2,4543.4,5502.2,5505.9,12142.3,4710,5137.3,5125,5566.4,5773.1,5776.3,6936.7,7087.5,8658.4,6936.7,8893.4,9386.6,9443.9,10128.6,10191.7,9682.9,9548.7,9242.3,9915.5,10215.2,9945,9938.3,10212.3,10284.9,10295.1,10489.8,10614.1,10690.4,11022.3,11893.2,8787.1,8918,9491.5,10445.6,10437.8,10387.6,8968.5,9492.7,11776.4,11324.6,11448.7,11597.4,11621.2,11663.9,11662.4,11554.9,11274.1,11336.1,6004.5,6502.3,6309,6289.3,6243.4,6134.6,6068.2,5917.8,5877.4,5795.9,6927.8,6993.1,7482.1,7539.5,7623,7646.6,7778.1,9143.5,9561.8,9724.4,10252.5,7748.9,7795.5,7864.4,7982.8,8251.4,8422.8,8364,8451.3,8406.3,8618.1,8767.7,8902.2,9008.1,8217.3,8921.4,8557.4,8882.9,8934,8580.4,8733.7,8973.6,9009.6,9050.8,9132.5,9217,9296.4,9555.4,10834.3,10838.6,10693.9,10824.1,10746.6,9796.6,9847.9,10000.6,10417.1,10713.8,10852.6,10907.7,10918.7,11128.5,11174.2,11715.6,11771.6,11916.9,11977.9,12050.3,11993,11347.2,11049.7,10787.6,10764.8,10681.9,10654,9905.6,9683,8099.9,7687.4,7419.6,6669.9,6671,6359.6,5903.2,4586.2,5000.1,5588.5,4423.2,5492.5,5563.6
331,1323.4,1309.9,1241.8,1201,1014.2,1006.4,778.1,1179.2,1174.3,674.7,632.7,434.2,414.7,180.7,0,276.2,206.8,411.8,495.1,703.1,679.7,715.6,1138.9,1155.9,1251.1,1414.1,1465.3,1486.4,1454.7,1414.4,1082.9,1055,1063.3,1177.4,1719,1999.4,2327.4,1896,1893.6,2174.7,2261.7,2232.8,2555,2769.9,2814,2654.2,2754.8,2781.5,2977.6,3124.7,2757.9,3854.5,3152.5,3100,3106.8,4256.5,4329.7,4379.2,4342.1,4332.3,4389.9,4349.6,4341,4477.7,4616.6,4811.6,4972.7,5197.3,5326.5,5332.3,5570.4,5554.9,4325.7,4689.9,5648.7,5652.4,12288.8,4856.5,5283.8,5271.5,5712.9,5919.6,5922.8,7083.2,7234,8804.9,7083.2,9039.9,9533.1,9590.4,10275.1,10338.2,9829.4,9695.2,9388.8,10062,10361.7,10091.5,10084.8,10358.8,10431.4,10441.6,10636.3,10760.6,10836.9,11168.8,12039.7,8933.6,9064.5,9638,10592.1,10584.3,10534.1,9115,9639.2,11922.9,11471.1,11595.2,11743.9,11767.7,11810.4,11808.9,11701.4,11420.6,11482.6,6151,6648.8,6455.5,6435.8,6389.9,6281.1,6214.7,6064.3,6023.9,5942.4,7074.3,7139.6,7628.6,7686,7769.5,7793.1,7924.6,9290,9708.3,9870.9,10399,7895.4,7942,8010.9,8129.3,8397.9,8569.3,8510.5,8597.8,8552.8,8764.6,8914.2,9048.7,9154.6,8363.8,9067.9,8703.9,9029.4,9080.5,8726.9,8880.2,9120.1,9156.1,9197.3,9279,9363.5,9442.9,9701.9,10980.8,10985.1,10840.4,10970.6,10893.1,9943.1,9994.4,10147.1,10563.6,10860.3,10999.1,11054.2,11065.2,11275,11320.7,11862.1,11918.1,12063.4,12124.4,12196.8,12139.5,11493.7,11196.2,10934.1,10911.3,10828.4,10800.5,10052.1,9829.5,8246.4,7833.9,7566.1,6816.4,6817.5,6506.1,6049.7,4732.7,5146.6,5735,4569.7,5639,5710.1
14,1357,1343.5,1275.4,1234.6,1047.8,1040,811.7,1212.8,1207.9,708.3,666.3,478.1,458.6,224.6,276.2,0,250.7,445.4,528.7,736.7,713.3,749.2,1172.5,1189.5,1284.7,1447.7,1498.9,1520,1488.3,1448,1116.5,1088.6,1096.9,1211,1752.6,2033,2361,1929.6,1927.2,2208.3,2295.3,2266.4,2588.6,2803.5,2847.6,2687.8,2788.4,2815.1,3011.2,3158.3,2791.5,3888.1,3186.1,3133.6,3140.4,4290.1,4363.3,4412.8,4375.7,4365.9,4423.5,4383.2,4374.6,4511.3,4650.2,4845.2,5006.3,5230.9,5360.1,5365.9,5604,5588.5,4359.3,4723.5,5682.3,5686,12322.4,4890.1,5317.4,5305.1,5746.5,5953.2,5956.4,7116.8,7267.6,8838.5,7116.8,9073.5,9566.7,9624,10308.7,10371.8,9863,9728.8,9422.4,10095.6,10395.3,10125.1,10118.4,10392.4,10465,10475.2,10669.9,10794.2,10870.5,11202.4,12073.3,8967.2,9098.1,9671.6,10625.7,10617.9,10567.7,9148.6,9672.8,11956.5,11504.7,11628.8,11777.5,11801.3,11844,11842.5,11735,11454.2,11516.2,6184.6,6682.4,6489.1,6469.4,6423.5,6314.7,6248.3,6097.9,6057.5,5976,7107.9,7173.2,7662.2,7719.6,7803.1,7826.7,7958.2,9323.6,9741.9,9904.5,10432.6,7929,7975.6,8044.5,8162.9,8431.5,8602.9,8544.1,8631.4,8586.4,8798.2,8947.8,9082.3,9188.2,8397.4,9101.5,8737.5,9063,9114.1,8760.5,8913.8,9153.7,9189.7,9230.9,9312.6,9397.1,9476.5,9735.5,11014.4,11018.7,10874,11004.2,10926.7,9976.7,10028,10180.7,10597.2,10893.9,11032.7,11087.8,11098.8,11308.6,11354.3,11895.7,11951.7,12097,12158,12230.4,12173.1,11527.3,11229.8,10967.7,10944.9,10862,10834.1,10085.7,9863.1,8280,7867.5,7599.7,6850,6851.1,6539.7,6083.3,4766.3,5180.2,5768.6,4603.3,5672.6,5743.7
15,1138.9,1125.4,1057.3,1016.5,829.7,821.9,593.6,994.7,989.8,490.2,448.2,265.2,247.8,112.3,206.8,250.7,0,227.3,310.6,518.6,495.2,531.1,954.4,971.4,1066.6,1229.6,1280.8,1301.9,1270.2,1229.9,898.4,870.5,878.8,992.9,1534.5,1814.9,2142.9,1711.5,1709.1,1990.2,2077.2,2048.3,2370.5,2585.4,2629.5,2469.7,2570.3,2597,2793.1,2940.2,2573.4,3670,2968,2915.5,2922.3,4072,4145.2,4194.7,4157.6,4147.8,4205.4,4165.1,4156.5,4293.2,4432.1,4627.1,4788.2,5012.8,5142,5147.8,5385.9,5370.4,4141.2,4505.4,5464.2,5467.9,12104.3,4672,5099.3,5087,5528.4,5735.1,5738.3,6898.7,7049.5,8620.4,6898.7,8855.4,9348.6,9405.9,10090.6,10153.7,9644.9,9510.7,9204.3,9877.5,10177.2,9907,9900.3,10174.3,10246.9,10257.1,10451.8,10576.1,10652.4,10984.3,11855.2,8749.1,8880,9453.5,10407.6,10399.8,10349.6,8930.5,9454.7,11738.4,11286.6,11410.7,11559.4,11583.2,11625.9,11624.4,11516.9,11236.1,11298.1,5966.5,6464.3,6271,6251.3,6205.4,6096.6,6030.2,5879.8,5839.4,5757.9,6889.8,6955.1,7444.1,7501.5,7585,7608.6,7740.1,9105.5,9523.8,9686.4,10214.5,7710.9,7757.5,7826.4,7944.8,8213.4,8384.8,8326,8413.3,8368.3,8580.1,8729.7,8864.2,8970.1,8179.3,8883.4,8519.4,8844.9,8896,8542.4,8695.7,8935.6,8971.6,9012.8,9094.5,9179,9258.4,9517.4,10796.3,10800.6,10655.9,10786.1,10708.6,9758.6,9809.9,9962.6,10379.1,10675.8,10814.6,10869.7,10880.7,11090.5,11136.2,11677.6,11733.6,11878.9,11939.9,12012.3,11955,11309.2,11011.7,10749.6,10726.8,10643.9,10616,9867.6,9645,8061.9,7649.4,7381.6,6631.9,6633,6321.6,5865.2,4548.2,4962.1,5550.5,4385.2,5454.5,5525.6
16,1120.2,1106.7,1038.6,997.8,811,803.2,577.1,996.9,992,492.4,450.4,324.1,332.2,265.3,411.8,445.4,227.3,0,98.5,362.5,361.1,397,831.8,848.8,944,1107,1158.2,1179.3,1147.6,1107.3,775.8,747.9,756.2,870.3,1411.9,1692.3,2020.3,1588.9,1586.5,1867.6,1954.6,1925.7,2247.9,2462.8,2506.9,2347.1,2447.7,2474.4,2670.5,2817.6,2450.8,3547.4,2845.4,2792.9,2799.7,3949.4,4022.6,4072.1,4035,4025.2,4082.8,4042.5,4033.9,4170.6,4309.5,4504.5,4665.6,4890.2,5019.4,5025.2,5263.3,5247.8,4018.6,4382.8,5341.6,5345.3,11981.7,4674.2,5101.5,5089.2,5530.6,5737.3,5740.5,6900.9,7051.7,8622.6,6900.9,8857.6,9350.8,9408.1,10092.8,10155.9,9647.1,9512.9,9206.5,9879.7,10179.4,9909.2,9902.5,10176.5,10249.1,10259.3,10454,10578.3,10654.6,10986.5,11857.4,8751.3,8882.2,9455.7,10388.9,10371.8,10321.6,8932.7,9456.9,11740.6,11164,11288.1,11436.8,11460.6,11503.3,11501.8,11488.9,11208.1,11270.1,5843.9,6341.7,6148.4,6128.7,6082.8,5974,5907.6,5757.2,5716.8,5635.3,6767.2,6832.5,7321.5,7378.9,7462.4,7486,7617.5,8982.9,9401.2,9563.8,10091.9,7588.3,7634.9,7703.8,7822.2,8090.8,8262.2,8203.4,8290.7,8245.7,8457.5,8607.1,8741.6,8847.5,8056.7,8760.8,8396.8,8722.3,8773.4,8419.8,8573.1,8813,8849,8890.2,8971.9,9056.4,9135.8,9394.8,10673.7,10678,10533.3,10663.5,10586,9636,9687.3,9840,10256.5,10553.2,10692,10747.1,10758.1,10967.9,11013.6,11555,11611,11756.3,11817.3,11889.7,11832.4,11186.6,10889.1,10627,10604.2,10521.3,10493.4,9745,9522.4,7939.3,7526.8,7259,6509.3,6510.4,6199,5742.6,4520.2,4934.1,5522.5,4262.6,5426.5,5497.6
17,1139.7,1126.2,1058.1,1017.3,830.5,822.7,596.6,1016.4,1011.5,511.9,469.9,407.4,415.5,348.6,495.1,528.7,310.6,98.5,0,314.2,312.8,348.7,786.2,803.2,898.4,1061.4,1112.6,1133.7,1102,1061.7,730.2,702.3,710.6,824.7,1366.3,1646.7,1974.7,1543.3,1540.9,1822,1909,1880.1,2202.3,2417.2,2461.3,2301.5,2402.1,2428.8,2624.9,2772,2405.2,3501.8,2799.8,2747.3,2754.1,3903.8,3977,4026.5,3989.4,3979.6,4037.2,3996.9,3988.3,4125,4263.9,4458.9,4620,4844.6,4973.8,4979.6,5217.7,5202.2,3973,4337.2,5296,5299.7,11936.1,4693.7,5121,5108.7,5550.1,5756.8,5760,6920.4,7071.2,8642.1,6920.4,8877.1,9370.3,9427.6,10112.3,10175.4,9666.6,9532.4,9226,9899.2,10198.9,9928.7,9922,10196,10268.6,10278.8,10473.5,10597.8,10674.1,11006,11876.9,8770.8,8901.7,9475.2,10408.4,10391.3,10341.1,8952.2,9476.4,11760.1,11118.4,11242.5,11391.2,11415,11457.7,11456.2,11452.6,11171.8,11233.8,5798.3,6296.1,6102.8,6083.1,6037.2,5928.4,5862,5711.6,5671.2,5589.7,6721.6,6786.9,7275.9,7333.3,7416.8,7440.4,7571.9,8937.3,9355.6,9518.2,10046.3,7542.7,7589.3,7658.2,7776.6,8045.2,8216.6,8157.8,8245.1,8200.1,8411.9,8561.5,8696,8801.9,8011.1,8715.2,8351.2,8676.7,8727.8,8374.2,8527.5,8767.4,8803.4,8844.6,8926.3,9010.8,9090.2,9349.2,10628.1,10632.4,10487.7,10617.9,10540.4,9590.4,9641.7,9794.4,10210.9,10507.6,10646.4,10701.5,10712.5,10922.3,10968,11509.4,11565.4,11710.7,11771.7,11844.1,11786.8,11141,10843.5,10581.4,10558.6,10475.7,10447.8,9699.4,9476.8,7893.7,7481.2,7213.4,6463.7,6464.8,6153.4,5697,4483.9,4897.8,5486.2,4217,5390.2,5461.3
271,1110.4,1096.9,1028.8,988,801.2,793.4,517.2,1006.2,1001.3,501.7,473.6,508.7,516.8,556.6,703.1,736.7,518.6,362.5,314.2,0,44.2,149.7,590.1,607.1,702.3,865.3,916.5,937.6,905.9,865.6,534.1,506.2,514.5,628.6,1177,1457.4,1785.4,1347.2,1344.8,1625.9,1712.9,1684,2006.2,2221.1,2265.2,2105.4,2206,2232.7,2428.8,2575.9,2209.1,3305.7,2610.5,2551.2,2558,3707.7,3780.9,3830.4,3793.3,3783.5,3841.1,3800.8,3792.2,3928.9,4067.8,4262.8,4423.9,4648.5,4777.7,4783.5,5021.6,5006.1,3776.9,4141.1,5099.9,5103.6,11740,4683.5,5110.8,5098.5,5539.9,5746.6,5749.8,6910.2,7061,8631.9,6910.2,8866.9,9360.1,9417.4,10102.1,10165.2,9656.4,9522.2,9215.8,9889,10188.7,9918.5,9911.8,10185.8,10258.4,10268.6,10463.3,10587.6,10663.9,10995.8,11866.7,8760.6,8891.5,9465,10342,10319.6,10269.4,8942,9466.2,11749.9,10922.3,11046.4,11195.1,11218.9,11261.6,11260.1,11263.3,10982.5,11044.5,5602.2,6100,5906.7,5887,5841.1,5732.3,5665.9,5515.5,5475.1,5393.6,6525.5,6590.8,7079.8,7137.2,7220.7,7244.3,7375.8,8741.2,9159.5,9322.1,9850.2,7346.6,7393.2,7462.1,7580.5,7849.1,8020.5,7961.7,8049,8004,8215.8,8365.4,8499.9,8605.8,7815,8519.1,8155.1,8480.6,8531.7,8178.1,8331.4,8571.3,8607.3,8648.5,8730.2,8814.7,8894.1,9153.1,10432,10436.3,10291.6,10421.8,10344.3,9394.3,9445.6,9598.3,10014.8,10311.5,10450.3,10505.4,10516.4,10726.2,10771.9,11313.3,11369.3,11514.6,11575.6,11648,11590.7,10944.9,10647.4,10385.3,10362.5,10279.6,10251.7,9503.3,9280.7,7697.6,7285.1,7017.3,6267.6,6268.7,5957.3,5500.9,4294.6,4708.5,5296.9,4027.7,5200.9,5272
18,1087,1073.5,1005.4,964.6,777.8,770,493.8,982.8,977.9,478.3,450.2,485.3,493.4,533.2,679.7,713.3,495.2,361.1,312.8,44.2,0,126.3,566.7,583.7,678.9,841.9,893.1,914.2,882.5,842.2,510.7,482.8,491.1,605.2,1153.6,1434,1762,1323.8,1321.4,1602.5,1689.5,1660.6,1982.8,2197.7,2241.8,2082,2182.6,2209.3,2405.4,2552.5,2185.7,3282.3,2587.1,2527.8,2534.6,3684.3,3757.5,3807,3769.9,3760.1,3817.7,3777.4,3768.8,3905.5,4044.4,4239.4,4400.5,4625.1,4754.3,4760.1,4998.2,4982.7,3753.5,4117.7,5076.5,5080.2,11716.6,4660.1,5087.4,5075.1,5516.5,5723.2,5726.4,6886.8,7037.6,8608.5,6886.8,8843.5,9336.7,9394,10078.7,10141.8,9633,9498.8,9192.4,9865.6,10165.3,9895.1,9888.4,10162.4,10235,10245.2,10439.9,10564.2,10640.5,10972.4,11843.3,8737.2,8868.1,9441.6,10318.6,10296.2,10246,8918.6,9442.8,11726.5,10898.9,11023,11171.7,11195.5,11238.2,11236.7,11239.9,10959.1,11021.1,5578.8,6076.6,5883.3,5863.6,5817.7,5708.9,5642.5,5492.1,5451.7,5370.2,6502.1,6567.4,7056.4,7113.8,7197.3,7220.9,7352.4,8717.8,9136.1,9298.7,9826.8,7323.2,7369.8,7438.7,7557.1,7825.7,7997.1,7938.3,8025.6,7980.6,8192.4,8342,8476.5,8582.4,7791.6,8495.7,8131.7,8457.2,8508.3,8154.7,8308,8547.9,8583.9,8625.1,8706.8,8791.3,8870.7,9129.7,10408.6,10412.9,10268.2,10398.4,10320.9,9370.9,9422.2,9574.9,9991.4,10288.1,10426.9,10482,10493,10702.8,10748.5,11289.9,11345.9,11491.2,11552.2,11624.6,11567.3,10921.5,10624,10361.9,10339.1,10256.2,10228.3,9479.9,9257.3,7674.2,7261.7,6993.9,6244.2,6245.3,5933.9,5477.5,4271.2,4685.1,5273.5,4004.3,5177.5,5248.6
19,1111.8,1098.3,1030.2,989.4,802.6,794.8,518.6,1018.7,1013.8,514.2,486.1,521.2,529.3,569.1,715.6,749.2,531.1,397,348.7,149.7,126.3,0,483.2,500.2,595.4,758.4,809.6,830.7,799,758.7,427.2,399.3,407.6,521.7,1087.7,1368.1,1696.1,1240.3,1237.9,1519,1606,1577.1,1899.3,2114.2,2158.3,1998.5,2099.1,2125.8,2321.9,2469,2102.2,3198.8,2521.2,2444.3,2451.1,3600.8,3674,3723.5,3686.4,3676.6,3734.2,3693.9,3685.3,3822,3960.9,4155.9,4317,4541.6,4670.8,4676.6,4914.7,4899.2,3670,4034.2,4993,4996.7,11633.1,4696,5123.3,5111,5552.4,5759.1,5762.3,6922.7,7073.5,8644.4,6922.7,8879.4,9372.6,9429.9,10114.6,10177.7,9668.9,9534.7,9228.3,9901.5,10201.2,9931,9924.3,10198.3,10270.9,10281.1,10475.8,10600.1,10676.4,11008.3,11879.2,8773.1,8904,9477.5,10354.5,10332.1,10281.9,8954.5,9478.7,11762.4,10815.4,10939.5,11088.2,11112,11154.7,11153.2,11252.2,10971.4,11033.4,5495.3,5993.1,5799.8,5780.1,5734.2,5625.4,5559,5408.6,5368.2,5286.7,6418.6,6483.9,6972.9,7030.3,7113.8,7137.4,7268.9,8634.3,9052.6,9215.2,9743.3,7239.7,7286.3,7355.2,7473.6,7742.2,7913.6,7854.8,7942.1,7897.1,8108.9,8258.5,8393,8498.9,7708.1,8412.2,8048.2,8373.7,8424.8,8071.2,8224.5,8464.4,8500.4,8541.6,8623.3,8707.8,8787.2,9046.2,10325.1,10329.4,10184.7,10314.9,10237.4,9287.4,9338.7,9491.4,9907.9,10204.6,10343.4,10398.5,10409.5,10619.3,10665,11206.4,11262.4,11407.7,11468.7,11541.1,11483.8,10838,10540.5,10278.4,10255.6,10172.7,10144.8,9396.4,9173.8,7590.7,7178.2,6910.4,6160.7,6161.8,5850.4,5394,4283.5,4697.4,5285.8,3938.4,5189.8,5260.9
20,1381.5,1368,1299.9,1259.1,1072.3,1064.5,857.8,1266.4,1261.5,761.9,733.8,961.6,969.7,992.4,1138.9,1172.5,954.4,831.8,786.2,590.1,566.7,483.2,0,214.6,309.8,479.9,531.1,552.2,520.5,480.2,259.8,231.9,149.8,252.7,818.7,1099.1,1427.1,961.8,959.4,1233.4,1320.4,1291.5,1613.7,1828.6,1872.7,1712.9,1815.3,1842,2038.1,2185.2,1818.4,2915,2252.2,2160.5,2167.3,3317,3390.2,3439.7,3402.6,3392.8,3450.4,3410.1,3401.5,3538.2,3677.1,3872.1,4033.2,4257.8,4387,4392.8,4630.9,4615.4,3386.2,3750.4,4709.2,4712.9,11349.3,4943.7,5371,5358.7,5800.1,6006.8,6010,7170.4,7321.2,8892.1,7170.4,9127.1,9620.3,9677.6,10362.3,10425.4,9916.6,9782.4,9476,10149.2,10448.9,10178.7,10172,10446,10518.6,10528.8,10723.5,10847.8,10924.1,11256,11920.7,9020.8,9151.7,9725.2,10399.7,10377.3,10327.1,9202.2,9726.4,12010.1,10531.6,10655.7,10804.4,10828.2,10870.9,10869.4,11019.4,10864.8,10962.2,5211.5,5709.3,5516,5496.3,5450.4,5341.6,5275.2,5124.8,5084.4,5002.9,6134.8,6200.1,6689.1,6746.5,6830,6853.6,6985.1,8350.5,8768.8,8931.4,9459.5,6955.9,7002.5,7071.4,7189.8,7458.4,7629.8,7571,7658.3,7613.3,7825.1,7974.7,8109.2,8215.1,7424.3,8128.4,7764.4,8089.9,8141,7787.4,7940.7,8180.6,8216.6,8257.8,8339.5,8424,8503.4,8762.4,10041.3,10045.6,9900.9,10031.1,9953.6,9003.6,9054.9,9207.6,9624.1,9920.8,10059.6,10114.7,10125.7,10335.5,10381.2,10922.6,10978.6,11123.9,11184.9,11257.3,11200,10554.2,10256.7,9994.6,9971.8,9888.9,9861,9112.6,8890,7306.9,6894.4,6626.6,5876.9,5878,5566.6,5110.2,4034.9,4455.2,5043.6,3669.4,5155.1,5226.2
21,1402.9,1389.4,1321.3,1280.5,1164.1,1156.3,880.1,1392.8,1387.9,888.3,860.2,978.6,986.7,1009.4,1155.9,1189.5,971.4,848.8,803.2,607.1,583.7,500.2,214.6,0,115.4,285.5,336.7,357.8,326.1,285.8,276.8,248.9,166.8,171,737,1017.4,1345.4,767.4,765,1109,1196,1167.1,1489.3,1704.2,1748.3,1588.5,1692.2,1718.9,1915,2062.1,1695.3,2791.9,2170.5,2044.9,2044.2,3193.9,3267.1,3316.6,3279.5,3269.7,3327.3,3287,3278.4,3415.1,3554,3749,3910.1,4134.7,4263.9,4269.7,4507.8,4492.3,3263.1,3627.3,4586.1,4589.8,11226.2,5070.1,5497.4,5485.1,5873.5,6133.2,6136.4,7296.8,7447.6,9018.5,7296.8,9253.5,9746.7,9804,10488.7,10551.8,10043,9908.8,9602.4,10275.6,10575.3,10305.1,10298.4,10572.4,10645,10655.2,10849.9,10974.2,11050.5,11326.1,11797.6,9147.2,9278.1,9851.6,10318,10295.6,10245.4,9328.6,9852.8,12136.5,10416,10540.1,10688.8,10712.6,10755.3,10753.8,10903.8,10749.2,10846.6,5088.4,5586.2,5392.9,5373.2,5327.3,5218.5,5152.1,5001.7,4961.3,4879.8,6011.7,6077,6566,6623.4,6706.9,6730.5,6862,8227.4,8645.7,8808.3,9336.4,6832.8,6879.4,6948.3,7066.7,7335.3,7506.7,7447.9,7535.2,7490.2,7702,7851.6,7986.1,8092,7301.2,8005.3,7641.3,7966.8,8017.9,7664.3,7817.6,8057.5,8093.5,8134.7,8216.4,8300.9,8380.3,8639.3,9918.2,9922.5,9777.8,9908,9830.5,8880.5,8931.8,9084.5,9501,9797.7,9936.5,9991.6,10002.6,10212.4,10258.1,10799.5,10855.5,11000.8,11061.8,11134.2,11076.9,10431.1,10133.6,9879,9856.2,9773.3,9745.4,8997,8774.4,7191.3,6778.8,6511,5753.8,5754.9,5443.5,4994.6,3953.2,4373.5,4961.9,3587.7,5073.4,5144.5
22,1488.2,1474.7,1406.6,1365.8,1259.3,1251.5,975.3,1488,1483.1,983.5,955.4,1073.8,1081.9,1104.6,1251.1,1284.7,1066.6,944,898.4,702.3,678.9,595.4,309.8,115.4,0,191,242.2,263.3,231.6,191.3,362.1,334.2,262,234.4,704.8,1062.1,1408.8,672.9,670.5,1014.5,1101.5,1072.6,1394.8,1609.7,1653.8,1494,1597.7,1624.4,1820.5,1967.6,1600.8,2697.4,2138.3,1950.4,1949.7,3099.4,3172.6,3222.1,3185,3175.2,3232.8,3192.5,3183.9,3320.6,3459.5,3654.5,3815.6,4040.2,4169.4,4175.2,4413.3,4397.8,3168.6,3532.8,4491.6,4495.3,11131.7,5165.3,5592.6,5580.3,5958.8,6228.4,6231.6,7392,7542.8,9113.7,7392,9348.7,9841.9,9899.2,10583.9,10647,10138.2,10004,9697.6,10370.8,10670.5,10400.3,10393.6,10667.6,10740.2,10750.4,10945.1,11069.4,11145.7,11231.6,11703.1,9242.4,9373.3,9946.8,10381.4,10359,10308.8,9423.8,9948,12190.6,10321.5,10445.6,10594.3,10618.1,10660.8,10659.3,10809.3,10654.7,10752.1,4993.9,5491.7,5298.4,5278.7,5232.8,5124,5057.6,4907.2,4866.8,4785.3,5917.2,5982.5,6471.5,6528.9,6612.4,6636,6767.5,8132.9,8551.2,8713.8,9241.9,6738.3,6784.9,6853.8,6972.2,7240.8,7412.2,7353.4,7440.7,7395.7,7607.5,7757.1,7891.6,7997.5,7206.7,7910.8,7546.8,7872.3,7923.4,7569.8,7723.1,7963,7999,8040.2,8121.9,8206.4,8285.8,8544.8,9823.7,9828,9683.3,9813.5,9736,8786,8837.3,8990,9406.5,9703.2,9842,9897.1,9908.1,10117.9,10163.6,10705,10761,10906.3,10967.3,11039.7,10982.4,10336.6,10039.1,9784.5,9761.7,9678.8,9650.9,8902.5,8679.9,7096.8,6684.3,6416.5,5659.3,5660.4,5349,4900.1,4016.6,4436.9,5025.3,3555.5,5136.8,5207.9
23,1598.6,1585.1,1517,1476.2,1380.4,1376.9,1138.3,1651,1646.1,1146.5,1118.4,1236.8,1244.9,1267.6,1414.1,1447.7,1229.6,1107,1061.4,865.3,841.9,758.4,479.9,285.5,191,0,90,111.1,79.4,39.1,472.5,444.6,375,344.8,645.4,1002.7,1499.6,520.7,582.5,862.3,949.3,920.4,1242.6,1457.5,1501.6,1341.8,1445.5,1472.2,1668.3,1815.4,1448.6,2545.2,2021.4,1798.2,1797.5,2947.2,3020.4,3069.9,3032.8,3023,3080.6,3040.3,3031.7,3168.4,3307.3,3502.3,3663.4,3888,4017.2,4023,4261.1,4245.6,3016.4,3380.6,4339.4,4343.1,10979.5,5328.3,5755.6,5743.3,6069.2,6372.3,6375.5,7506.8,7657.6,9228.5,7506.8,9463.5,9956.7,10014,10698.7,10761.8,10253,10118.8,9812.4,10485.6,10785.3,10515.1,10508.4,10782.4,10855,10865.2,11059.9,11184.2,11260.5,11079.4,11550.9,9357.2,9488.1,10061.6,10472.2,10449.8,10399.6,9538.6,10062.8,12038.4,10169.3,10293.4,10442.1,10465.9,10508.6,10507.1,10657.1,10502.5,10599.9,4841.7,5339.5,5146.2,5126.5,5080.6,4971.8,4905.4,4755,4714.6,4633.1,5765,5830.3,6319.3,6376.7,6460.2,6483.8,6615.3,7980.7,8399,8561.6,9089.7,6586.1,6632.7,6701.6,6820,7088.6,7260,7201.2,7288.5,7243.5,7455.3,7604.9,7739.4,7845.3,7054.5,7758.6,7394.6,7720.1,7771.2,7417.6,7570.9,7810.8,7846.8,7888,7969.7,8054.2,8133.6,8392.6,9671.5,9675.8,9531.1,9661.3,9583.8,8633.8,8685.1,8837.8,9254.3,9551,9689.8,9744.9,9755.9,9965.7,10011.4,10552.8,10608.8,10754.1,10815.1,10887.5,10830.2,10184.4,9886.9,9632.3,9609.5,9526.6,9498.7,8750.3,8527.7,6944.6,6532.1,6264.3,5507.1,5508.2,5196.8,4747.9,4107.4,4527.7,5116.1,3485.8,5227.6,5298.7
